508456491
529256583
529257939
468005196
526204032
527205855
236768486
527207445
510325326
525108081
528655527
525124539
527701125
527260902
529158864
410496882
417080928
508047093
517156455
519907398
526541043
525918297
378769094
503120586
525732528
269617215
526790454
402963675
462318513
526851789
516920619
525111621
527074305
299847190
527076426
527076450
526156761
525776799
523668288
525065310
524660301
525057504
526058424
526021071
147551478
145976549
67926523
525046674
501090114
525545916
513337326
502198449
525164526
525412299
525528501
522692052
512340390
525228789
525553821
518597082
521658858
522613479
523204611
523724952
514883358
504390396
506490576
503044125
515179407
523279125
523404549
521605347
515494299
523216551
519743958
515680041
522603060
518550675
523187754
505497186
514659171
512197869
498798738
520140045
521499660
512962647
489496128
476246013
519614985
496528449
521736423
521727909
521649435
521497128
518705307
518811999
518812803
518813235
516688659
520200579
519653496
519740478
455112093
464209077
470716983
477144840
489018420
503025390
511365540
514688277
515652060
515651517
510881631
517651563
515269758
517710483
516728817
509737260
517945470
517950939
518085366
515684916
504313254
497439729
516752355
496574451
515034564
509605680
509615286
510022500
508032480
501662151
495087870
501826815
506406984
512231457
511254441
508272945
506575020
505006419
505006518
508276698
508806945
496905789
508254072
505098153
508819908
471680250
473493120
474020802
506521512
507883458
503220240
503102316
491782539
506539158
507845022
496095294
505956009
506717430
507789465
506525961
506410089
506911293
506537427
506074131
507627930
507715293
507726204
506183880
483657723
505977699
121870210
505927569
505933797
505898286
505811862
505522491
504422013
501689151
505983657
505922952
502191579
505594719
505663524
505705308
504476916
505843065
502118139
344308960
504353988
505868718
501637287
497860263
505873824
504899982
505696839
498126027
353399669
444235101
504932598
504107391
504490755
498536586
504460356
504497376
503082354
504450798
504451188
502195383
504544218
504658428
504677454
502670754
502670157
501664248
501671703
502049022
503512215
504826209
499766697
503088006
503118303
502640064
502618656
502647213
502687854
497208201
502684344
497912670
502757136
502758870
500224200
502780983
499922757
497129715
502586712
498458289
502940085
489992094
501780984
502574397
498878691
502585026
502197918
474148590
485499924
488532693
499348449
480342003
486771690
496706364
482897493
499107240
499902981
498252801
501695019
501511857
501511872
502490985
502115316
500534340
499790385
501183036
502136745
502133097
501794052
501805128
501948486
480682587
457938690
457940769
457941330
349288773
457941555
443893386
457941723
499199880
498582603
502028613
499772355
501086343
502041678
501259554
501263988
501294852
495197460
497887473
498412215
498447207
499902258
484268730
497051916
497051904
497051952
356810660
253516188
459930684
470479443
447987621
479772969
460069095
467199411
457391814
388605807
401916333
417524202
422940540
422261451
398933637
422924433
410715837
415915896
215262585
41946676
38131504
3848573
9012531
451759821
322046249
441064302
11167568
418842712
266056197
174815025
416880978
420053212
421003416
310207095
315070365
306740875
417072423
170912760
115985926
385916477
400502937
353876723
398585772
401895762
400460157
220439079
390012435
366679802
329642786
338130842
342881712
371714669
369651872
371691014
309857740
290962925
235771032
145498716
235748827
371350304
369993827
98090136
328337811
368166242
352344251
364787399
339458728
349268668
348197543
100350727
370939238
342415735
369039707
369056720
369481658
369541094
368497409
365712761
366794870
368046233
366682496
363453815
366254258
366261257
366209729
366220040
365848604
365887745
346429856
365940416
344593409
364771784
365792063
365226242
364850510
364879199
365247653
359378030
163650336
257476479
257476164
261521047
261521050
363474842
363481352
115273055
9424393
2552645
125121098
34275629
326260402
353931104
362556368
362586602
362557442
362596556
362599007
315136286
362612045
347615206
362898899
362901119
362496668
284061834
287201730
289457045
334965484
179134599
362191022
359022323
360463046
360523574
305918957
353645465
361634498
287299690
362027540
21388509
361663691
361617662
361675025
361676501
353911859
358479455
357129791
256048190
361131908
349421115
226133434
360407498
361499765
360327146
361339868
344442110
344442119
344442122
344442128
346583585
348717635
360010904
360010892
310453652
359859089
330600175
359881322
359882915
359387162
342939288
359834384
68294424
150286249
359482007
280462080
355124228
353403128
289737454
352839290
358913159
358913168
359264156
355212236
355630493
356588828
358880987
358024067
349264344
358884908
359376263
358855955
358953416
358457117
334815145
358560800
358598594
358614758
358627913
358469357
355210979
355211957
319586062
358450649
358321508
358396184
349323727
343576093
357116609
357133241
272922465
356123807
356717735
61505874
346017905
356172830
356295041
11370286
356226407
356284649
356183942
348345389
164858390
350194315
355716971
355018436
339055034
355594835
341052771
342305301
342487976
343032494
351144238
329077738
338671897
346279564
347654199
340995286
355180274
355189961
348407458
350066578
355229795
346033333
355070066
25058610
355052243
355052249
352323035
354999326
354203504
341036829
354174911
355046225
345145052
341223265
139980495
167829652
232571563
335066653
342882462
31329203
353374859
350110312
353751149
353347760
103388287
148501860
352947632
320850982
324369807
96843617
346733012
221413609
339425325
218257160
220831247
346404512
346519747
215109053
226273518
346029383
346120494
346071193
155634698
346227977
348679523
220709654
348347420
348513241
348526879
347829570
348578257
348517265
245626257
46117461
217858526
346556021
346426362
343394726
346689153
341882318
276326094
345180738
344602415
344090003
344550623
288957755
344244518
344300787
306609761
344378406
344249370
344018046
344152307
228945416
343948445
343934525
343444011
343975604
343984135
310191565
343435656
281660407
343949646
343926747
344087724
343550373
343371729
160367063
343365256
343220144
206023514
334621588
342616546
341752487
345327400
344321999
345346697
344415214
345342856
345413285
345442463
345008497
345468506
345469843
345142061
345294112
345459531
39014222
332741970
332286175
251205293
337412046
269506160
335841917
324280362
331835523
342208256
283912351
342665768
342756474
342879768
342902109
343036509
216975353
191420506
340728366
341911844
342627940
342903365
342320145
342309033
342247375
342021474
342316487
341851018
103075018
342144409
342170173
242970515
341882375
341882906
341884730
341593374
341650836
338537378
338953281
338100188
336967732
319442980
329788292
333331845
334180201
336289612
335982143
340336745
334189134
72663630
123192983
341634239
341793739
341454122
121791833
341475276
59865458
6202298
264697309
315747362
321082071
13102866
52949519
283963441
314049237
244447535
329000368
341420450
249052653
309325114
341321393
341190393
341193904
339065910
337681861
341300014
339152978
341151995
341006346
341167625
286227669
285989310
280643025
282089655
74943236
82969520
270338221
279661654
290213384
290841229
108164346
341031049
341085663
340999438
338187557
341138546
339026297
330974062
332068733
340975920
340840340
340849578
338611813
338800268
320072015
298470040
290080183
314670558
339833506
338812902
339138655
176370062
338256606
321943734
316034448
227336799
285128940
319908520
340460800
215127200
338301582
340428955
340437562
340435030
340302674
340314629
340319518
340314051
335961877
340341469
340338351
321445791
276339372
2057152
326127665
339005816
123175513
261174532
334793533
170478589
219635760
340282657
177676271
340169257
340177023
340180726
340181998
338811767
340221050
340135025
340263138
340137813
148356904
334556911
336824416
327265874
206376726
295877514
298593294
332902668
340122248
340016694
340007563
339976880
340002186
338861876
339992244
339993159
340001980
340003498
334995370
334012554
333176309
311072412
339732945
339862347
299653319
339845111
339765700
166517007
339851921
339319235
318346983
249856090
323365261
335107152
339440657
339444186
318418113
318418115
318418118
332867207
339156899
339296773
339296994
339297135
339297167
339297257
339297315
339297922
339269929
339322222
339177384
335252155
339296508
300906643
1962780
307937657
49042407
263079091
339414267
339418401
281462840
78095796
109726691
156988409
339307916
4927063
127000700
192760921
199986659
270327706
295195472
308501426
314149939
102450889
296031913
339145932
339167119
336980362
336115925
332752401
339258157
339256771
339267390
339068960
339266469
339161030
329858814
140727473
158544230
243869039
17794920
335211714
335211716
339144263
338989644
339147669
325174600
338974311
338136452
338447539
338984804
338986237
338956339
338672418
339036608
338983804
338982152
323401160
74913867
338825395
337559843
148028802
338835091
309888253
338906871
337040341
338935919
319744854
280012015
335773014
335933182
188640646
176109576
186783064
165716215
257610254
290003339
326117192
338816458
338823615
305297976
338721754
338720609
338730393
338558631
338454903
338791219
338792361
338397713
338794675
338794702
332123242
140556016
337673993
338403530
338416301
338284437
337421041
338287782
338308668
338285402
327012142
338045543
338114155
338357161
327738111
294698239
338384364
338244858
338393282
338397074
337702835
338283391
338284670
2109565
338190264
30161528
292407653
298955838
338157661
338124521
156922097
337678914
306898064
338218390
338224452
338238868
338197086
338242327
251420493
338244894
337852522
334927434
337672025
337972369
337972493
337972725
337972989
338115978
337855765
257832889
231227213
258277072
258667803
242394286
188473588
328019427
338045328
338101278
338000049
337847031
337717264
337717266
337717267
337957595
336994154
338095534
335642167
338096492
337468848
337984221
337956591
334620888
337955309
337961943
337962959
337963243
337964351
336822977
337970240
337862169
337864440
273792117
337872950
334887712
334642754
298023947
332880877
247590158
232730081
295744166
324903861
337945681
337947321
325668574
334022949
337814010
334814959
334181231
246680402
337577807
337162813
308802461
337832129
337472839
337441929
337681399
337180930
337698893
333889684
337708117
337146402
315032135
337457861
337734191
337482988
327427637
191300021
281050438
337747091
337673069
337791537
337796693
55209103
336874589
337454203
337294620
337269927
337311492
335233445
337179339
337036935
337325513
337422167
337422439
329169886
9616950
335021427
337329456
337002182
332764392
337353147
336212941
336213031
336213011
337311665
333050604
333050796
337398635
337410760
337276080
334736004
337267257
187171517
76255568
337287855
337186342
286309626
261343182
238131383
47990953
145216904
236450543
109688230
114543014
139366090
227404546
152169978
29884726
180082398
6015398
66773960
213782513
290840815
104094942
188142207
28149258
319381725
337123875
337116073
337116680
337128717
333020042
334227235
337032694
335755501
335812815
294091613
326770752
282696118
337071828
336254802
337025500
337000125
336974736
337112914
336947179
43307753
336849083
336222350
330158822
336980461
336984586
336985305
336990364
336209474
336991358
331865528
336873042
336882290
336883304
336885210
185039852
251987528
335738467
335738458
27318166
55050380
319201415
317005199
313421158
311671754
312292820
63870916
100932617
284097587
270331476
263829034
336574969
336957093
336962030
166207494
336814699
336832838
336830040
311179222
279669372
288805458
336840765
336104685
336309006
301292060
335822473
336056429
244711174
333151453
335210767
335051618
336645455
335518461
331486086
336109193
335390803
335645645
335831351
336253851
336245662
313946598
335529959
334561530
336176227
335944517
331920313
336805813
336805667
335698012
336215975
231187470
336228685
336233275
327664508
281667123
277830084
336100801
336089338
336106062
335605047
336114602
336106346
336126806
333765478
304793804
334183146
336125363
336078379
336101635
336207145
336211311
323366981
336081223
281197732
336071311
336078508
335650098
335970151
333620545
172577176
335980888
170887767
335990598
317338813
308126530
242304369
249309071
335495488
335509356
300102576
323685040
171172241
334023784
332837504
335648989
336056314
336058413
335977426
280007835
279225301
273499203
321527879
335940249
335950630
335932238
335931615
6847039
318321597
324803877
328860043
332390821
335203970
335820948
335820953
335820954
335820958
335820963
330186799
335820952
175157571
322060035
335763998
335651319
230322419
155409572
210886596
335820944
217184721
119604808
335794079
335794080
335794082
334079571
335797546
334788804
335243639
334592420
334613624
333882557
333882564
325370485
335659549
335662130
316212564
335425233
335663504
335690414
335690762
314259609
335774139
335668892
335706666
328355335
302009592
292727309
227993639
36332230
75621759
171279017
274892980
251392957
278736524
238226738
249521170
154059227
293933569
303167176
125018874
323993455
239812090
258435577
18956280
113681966
287142843
148243038
139476361
176874877
123742853
112605766
110222171
263924297
1294236
119964120
240657315
329547346
334805265
334631514
334810135
332509483
334015187
333579967
229224605
334739604
334183586
334306126
334203449
334736017
334585797
334762843
334735987
334736003
333145868
334736005
334736038
76840866
76843066
214801432
333010359
315194728
334075012
334162976
333769089
334075632
327835758
328370794
133221359
324449263
327846656
327394684
322418967
284932645
279340586
333156301
73589567
105296722
292839958
171486180
169429749
251643806
176867097
213658203
216930482
229078171
289745787
25648736
281925273
234643400
276092332
224151056
266606545
154593890
154593867
154593804
230777491
241429138
41565512
257585005
89236337
36732164
4351964
122423003
151387935
104404465
232747609
269569443
270338104
154312711
132859242
179450593
148222308
260671493
298590324
88323926
186951356
190885889
81763548
94719759
129640052
281497384
209525113
218182976
38538883
187325594
330734446
333860034
308526058
150046024
333578339
213662190
5022349
196949290
20350942
72324454
18180029
262116144
68231252
289852529
55062886
311332125
300443290
294973371
285390387
328120627
45412520
256733478
214104942
148361278
186186856
153096688
333845640
310148726
333771517
333772308
332245104
229556860
229214008
284373992
295973904
330776008
307200367
333182277
329707016
331240254
168977974
228346321
182737645
241769352
206367056
196874935
143557111
97714693
116993531
79717560
333720180
333722209
204332334
172999743
110057854
194527400
239161932
212658983
207441283
117483043
220956703
219218516
333710152
191819832
191819840
191819836
2751711
191819837
129634185
191819834
19287434
130453465
131802274
191850609
86051617
191819833
191819829
152589245
191504181
202019589
215817074
333667515
331375382
333653734
333175312
333534033
330530767
333699173
331327231
327715220
301033613
263947630
285438764
172999736
123489659
333597088
333601299
333201213
333481879
333612176
329780064
333504550
136865357
333590626
333441690
333041317
333313431
140560944
333169855
332123235
333167170
332892981
332892782
333290969
333322815
333195249
109167250
332713729
332733320
333501630
267958245
332489961
277079203
333168195
26030183
83289252
155361830
186867451
267996851
144852572
160944841
261493734
319378925
227643533
327863424
237213256
272130050
215113574
177379625
185870921
174785247
148346508
151337729
324143436
300880083
333153578
315590489
333043437
297688776
329240392
333046350
333070688
273958757
259904471
290034064
332739391
330962594
306628938
329408049
333016939
327871641
330869257
271857064
332518103
332908501
332511141
193235542
256413308
291706094
308196092
332721542
156412665
89524847
332724382
293190785
294106936
319210772
319433511
332719340
255690022
275829536
255080087
240691151
191073458
300431964
330867240
332060514
331511404
205448565
332524322
332568889
332569315
152642930
332639566
332643742
325699938
169848796
105533960
86921276
332103060
332120224
332120411
332123220
332123262
332129153
328017247
330233153
324592856
332355018
331750129
331870510
332368541
221001936
331827293
323746807
328721762
327107313
330753918
327693255
328015884
330719322
327607305
330530214
328039659
328846828
331900489
329668897
305221965
330370891
331920395
327756605
19456045
330753978
330757229
256424086
181323096
21721873
313443298
329663705
318277350
331698194
331687546
331525331
331754230
331801534
331678336
290787711
324864350
304758790
231075031
120894229
279599381
331531973
331537528
331335109
331533494
328184933
327859498
244584341
251812643
225185115
331489975
325027003
328348574
329701968
303497511
331496627
331499636
258804253
258804157
211214333
311501085
331342685
331347008
330076857
331348944
331370457
331370460
331343909
304440404
331343609
331412392
331412856
307101619
331327554
331093472
331182281
2317464
327686133
330948910
329674166
329008057
330205711
328011289
330508918
329621242
327263525
328346998
330861106
319873020
331238159
72946070
330735550
328881977
329802792
97234442
330763474
330532668
288923855
329727156
330572105
330697396
330351577
330712955
290077806
315057877
330657910
327207138
330372389
329624317
330693936
326951521
330528548
297729226
297728179
259221166
318493807
282650356
281056134
281779465
320506498
285272292
3040489
319217578
330363472
330173956
330160337
329006925
330387974
329801846
224094843
330324998
329674260
324578858
330341022
330211270
299313388
330229975
330231277
330233738
330235016
311505144
329310255
292572536
234767044
320401571
52856235
63397315
148968563
173602984
20707228
143118892
4056653
29495218
64659139
328352550
327122499
96723924
289294994
329500333
326151337
329490979
329480455
329509447
329361096
329530645
319229161
328811509
329607073
329610428
329320317
220983329
329454241
269091569
267641732
325075476
267968565
268473118
268031996
268009179
268253211
268732729
264629941
263952989
328873320
329058938
267007343
267093472
266932821
268452916
267642415
328677284
280734830
105494241
137872407
248025017
328859796
71780342
325654633
102673729
300220965
310319316
316532791
296860506
21721154
266593766
323418452
187141234
214669029
296347371
210591909
289130478
308651337
310995739
226967458
278814093
308661742
320720577
308821737
286725261
48174988
294870905
315375600
282573606
283483228
282559265
233522715
62025560
288810834
234961126
231363400
213950237
282104916
134338897
214813495
191606817
285142221
277680182
294277515
248044556
120581231
190467476
219686913
204987603
312903295
299377510
234699459
315690612
274579107
219975709
303945807
215258385
220718860
233793333
231809450
126020602
194966998
308014861
278523520
306546263
225927369
261587226
284770322
82327333
61927669
144954064
83978267
141537422
225572693
289150658
212619753
117446650
244867716
133370126
87685601
98498861
75271636
189435168
282896431
256036157
234809731
128647124
261167069
273315502
173321059
279813774
183870342
275614429
90968545
241608882
241281763
195819841
215832966
236500252
100171050
176368221
241786329
200655623
222874328
208661113
98308194
263756499
221686937
200571884
240657317
48480951
215995972
69286898
57776190
72981306
199483163
214519280
203966189
13185266
58601036
212500579
36920084
95729404
154218799
22495387
44511353
90472663
69124653
199924603
214651839
197287214
153717806
235916172
236454934
93356886
188154160
130638440
244046924
198585709
103082310
76966501
220076606
200963283
61232679
53793793
154780818
68885726
134385971
60360591
238147904
200588488
166353351
96260299
103353319
214511632
104447432
187950405
201551937
101127766
197783501
175277202
28950156
17215170
134027803
56141438
52911828
209922335
116751705
207790187
187367598
116981807
144158455
144226935
186346033
183208847
220674453
26026710
212957146
224286625
164675362
222059657
118657726
168572435
165340471
177318577
205269728
33681446
223240506
217027671
226071805
152201606
131460687
220635155
26792822
172633874
206861316
144858420
9298803
181633092
212466173
202002094
200891292
219388268
164886047
217756641
211912018
212617320
212272935
87116411
69793909
97240020
192785237
165711513
7839928
106484632
81220673
194510401
181758490
93555520
175203901
178436255
508456491
529256583
529257939
468005196
526204032
527205855
236768486
527207445
510325326
525108081
528655527
525124539
527701125
527260902
529158864
410496882
417080928
508047093
517156455
519907398
526541043
525918297
378769094
503120586
525732528
269617215
526790454
402963675
462318513
526851789
516920619
525111621
527074305
299847190
527076426
527076450
526156761
525776799
523668288
525065310
524660301
525057504
526058424
526021071
147551478
145976549
67926523
525046674
501090114
525545916
513337326
502198449
525164526
525412299
525528501
522692052
512340390
525228789
525553821
518597082
521658858
522613479
523204611
523724952
514883358
504390396
506490576
503044125
515179407
523279125
523404549
521605347
515494299
523216551
519743958
515680041
522603060
518550675
523187754
505497186
514659171
512197869
498798738
520140045
521499660
512962647
489496128
476246013
519614985
496528449
521736423
521727909
521649435
521497128
518705307
518811999
518812803
518813235
516688659
520200579
519653496
519740478
455112093
464209077
470716983
477144840
489018420
503025390
511365540
514688277
515652060
515651517
510881631
517651563
515269758
517710483
516728817
509737260
517945470
517950939
518085366
515684916
504313254
497439729
516752355
496574451
515034564
509605680
509615286
510022500
508032480
501662151
495087870
501826815
506406984
512231457
511254441
508272945
506575020
505006419
505006518
508276698
508806945
496905789
508254072
505098153
508819908
471680250
473493120
474020802
506521512
507883458
503220240
503102316
491782539
506539158
507845022
496095294
505956009
506717430
507789465
506525961
506410089
506911293
506537427
506074131
507627930
507715293
507726204
506183880
483657723
505977699
121870210
505927569
505933797
505898286
505811862
505522491
504422013
501689151
505983657
505922952
502191579
505594719
505663524
505705308
504476916
505843065
502118139
344308960
504353988
505868718
501637287
497860263
505873824
504899982
505696839
498126027
353399669
444235101
504932598
504107391
504490755
498536586
504460356
504497376
503082354
504450798
504451188
502195383
504544218
504658428
504677454
502670754
502670157
501664248
501671703
502049022
503512215
504826209
499766697
503088006
503118303
502640064
502618656
502647213
502687854
497208201
502684344
497912670
502757136
502758870
500224200
502780983
499922757
497129715
502586712
498458289
502940085
489992094
501780984
502574397
498878691
502585026
502197918
474148590
485499924
488532693
499348449
480342003
486771690
496706364
482897493
499107240
499902981
498252801
501695019
501511857
501511872
502490985
502115316
500534340
499790385
501183036
502136745
502133097
501794052
501805128
501948486
480682587
457938690
457940769
457941330
349288773
457941555
443893386
457941723
499199880
498582603
502028613
499772355
501086343
502041678
501259554
501263988
501294852
495197460
497887473
498412215
498447207
499902258
484268730
497051916
497051904
497051952
356810660
253516188
459930684
470479443
447987621
479772969
460069095
467199411
457391814
388605807
401916333
417524202
422940540
422261451
398933637
422924433
410715837
415915896
215262585
41946676
38131504
3848573
9012531
451759821
322046249
441064302
11167568
418842712
266056197
174815025
416880978
420053212
421003416
310207095
315070365
306740875
417072423
170912760
115985926
385916477
400502937
353876723
398585772
401895762
400460157
220439079
390012435
366679802
329642786
338130842
342881712
371714669
369651872
371691014
309857740
290962925
235771032
145498716
235748827
371350304
369993827
98090136
328337811
368166242
352344251
364787399
339458728
349268668
348197543
100350727
370939238
342415735
369039707
369056720
369481658
369541094
368497409
365712761
366794870
368046233
366682496
363453815
366254258
366261257
366209729
366220040
365848604
365887745
346429856
365940416
344593409
364771784
365792063
365226242
364850510
364879199
365247653
359378030
163650336
257476479
257476164
261521047
261521050
363474842
363481352
115273055
9424393
2552645
125121098
34275629
326260402
353931104
362556368
362586602
362557442
362596556
362599007
315136286
362612045
347615206
362898899
362901119
362496668
284061834
287201730
289457045
334965484
179134599
362191022
359022323
360463046
360523574
305918957
353645465
361634498
287299690
362027540
21388509
361663691
361617662
361675025
361676501
353911859
358479455
357129791
256048190
361131908
349421115
226133434
360407498
361499765
360327146
361339868
344442110
344442119
344442122
344442128
346583585
348717635
360010904
360010892
310453652
359859089
330600175
359881322
359882915
359387162
342939288
359834384
68294424
150286249
359482007
280462080
355124228
353403128
289737454
352839290
358913159
358913168
359264156
355212236
355630493
356588828
358880987
358024067
349264344
358884908
359376263
358855955
358953416
358457117
334815145
358560800
358598594
358614758
358627913
358469357
355210979
355211957
319586062
358450649
358321508
358396184
349323727
343576093
357116609
357133241
272922465
356123807
356717735
61505874
346017905
356172830
356295041
11370286
356226407
356284649
356183942
348345389
164858390
350194315
355716971
355018436
339055034
355594835
341052771
342305301
342487976
343032494
351144238
329077738
338671897
346279564
347654199
340995286
355180274
355189961
348407458
350066578
355229795
346033333
355070066
25058610
355052243
355052249
352323035
354999326
354203504
341036829
354174911
355046225
345145052
341223265
139980495
167829652
232571563
335066653
342882462
31329203
353374859
350110312
353751149
353347760
103388287
148501860
352947632
320850982
324369807
96843617
346733012
221413609
339425325
218257160
220831247
346404512
346519747
215109053
226273518
346029383
346120494
346071193
155634698
346227977
348679523
220709654
348347420
348513241
348526879
347829570
348578257
348517265
245626257
46117461
217858526
346556021
346426362
343394726
346689153
341882318
276326094
345180738
344602415
344090003
344550623
288957755
344244518
344300787
306609761
344378406
344249370
344018046
344152307
228945416
343948445
343934525
343444011
343975604
343984135
310191565
343435656
281660407
343949646
343926747
344087724
343550373
343371729
160367063
343365256
343220144
206023514
334621588
342616546
341752487
345327400
344321999
345346697
344415214
345342856
345413285
345442463
345008497
345468506
345469843
345142061
345294112
345459531
39014222
332741970
332286175
251205293
337412046
269506160
335841917
324280362
331835523
342208256
283912351
342665768
342756474
342879768
342902109
343036509
216975353
191420506
340728366
341911844
342627940
342903365
342320145
342309033
342247375
342021474
342316487
341851018
103075018
342144409
342170173
242970515
341882375
341882906
341884730
341593374
341650836
338537378
338953281
338100188
336967732
319442980
329788292
333331845
334180201
336289612
335982143
340336745
334189134
72663630
123192983
341634239
341793739
341454122
121791833
341475276
59865458
6202298
264697309
315747362
321082071
13102866
52949519
283963441
314049237
244447535
329000368
341420450
249052653
309325114
341321393
341190393
341193904
339065910
337681861
341300014
339152978
341151995
341006346
341167625
286227669
285989310
280643025
282089655
74943236
82969520
270338221
279661654
290213384
290841229
108164346
341031049
341085663
340999438
338187557
341138546
339026297
330974062
332068733
340975920
340840340
340849578
338611813
338800268
320072015
298470040
290080183
314670558
339833506
338812902
339138655
176370062
338256606
321943734
316034448
227336799
285128940
319908520
340460800
215127200
338301582
340428955
340437562
340435030
340302674
340314629
340319518
340314051
335961877
340341469
340338351
321445791
276339372
2057152
326127665
339005816
123175513
261174532
334793533
170478589
219635760
340282657
177676271
340169257
340177023
340180726
340181998
338811767
340221050
340135025
340263138
340137813
148356904
334556911
336824416
327265874
206376726
295877514
298593294
332902668
340122248
340016694
340007563
339976880
340002186
338861876
339992244
339993159
340001980
340003498
334995370
334012554
333176309
311072412
339732945
339862347
299653319
339845111
339765700
166517007
339851921
339319235
318346983
249856090
323365261
335107152
339440657
339444186
318418113
318418115
318418118
332867207
339156899
339296773
339296994
339297135
339297167
339297257
339297315
339297922
339269929
339322222
339177384
335252155
339296508
300906643
1962780
307937657
49042407
263079091
339414267
339418401
281462840
78095796
109726691
156988409
339307916
4927063
127000700
192760921
199986659
270327706
295195472
308501426
314149939
102450889
296031913
339145932
339167119
336980362
336115925
332752401
339258157
339256771
339267390
339068960
339266469
339161030
329858814
140727473
158544230
243869039
17794920
335211714
335211716
339144263
338989644
339147669
325174600
338974311
338136452
338447539
338984804
338986237
338956339
338672418
339036608
338983804
338982152
323401160
74913867
338825395
337559843
148028802
338835091
309888253
338906871
337040341
338935919
319744854
280012015
335773014
335933182
188640646
176109576
186783064
165716215
257610254
290003339
326117192
338816458
338823615
305297976
338721754
338720609
338730393
338558631
338454903
338791219
338792361
338397713
338794675
338794702
332123242
140556016
337673993
338403530
338416301
338284437
337421041
338287782
338308668
338285402
327012142
338045543
338114155
338357161
327738111
294698239
338384364
338244858
338393282
338397074
337702835
338283391
338284670
2109565
338190264
30161528
292407653
298955838
338157661
338124521
156922097
337678914
306898064
338218390
338224452
338238868
338197086
338242327
251420493
338244894
337852522
334927434
337672025
337972369
337972493
337972725
337972989
338115978
337855765
257832889
231227213
258277072
258667803
242394286
188473588
328019427
338045328
338101278
338000049
337847031
337717264
337717266
337717267
337957595
336994154
338095534
335642167
338096492
337468848
337984221
337956591
334620888
337955309
337961943
337962959
337963243
337964351
336822977
337970240
337862169
337864440
273792117
337872950
334887712
334642754
298023947
332880877
247590158
232730081
295744166
324903861
337945681
337947321
325668574
334022949
337814010
334814959
334181231
246680402
337577807
337162813
308802461
337832129
337472839
337441929
337681399
337180930
337698893
333889684
337708117
337146402
315032135
337457861
337734191
337482988
327427637
191300021
281050438
337747091
337673069
337791537
337796693
55209103
336874589
337454203
337294620
337269927
337311492
335233445
337179339
337036935
337325513
337422167
337422439
329169886
9616950
335021427
337329456
337002182
332764392
337353147
336212941
336213031
336213011
337311665
333050604
333050796
337398635
337410760
337276080
334736004
337267257
187171517
76255568
337287855
337186342
286309626
261343182
238131383
47990953
145216904
236450543
109688230
114543014
139366090
227404546
152169978
29884726
180082398
6015398
66773960
213782513
290840815
104094942
188142207
28149258
319381725
337123875
337116073
337116680
337128717
333020042
334227235
337032694
335755501
335812815
294091613
326770752
282696118
337071828
336254802
337025500
337000125
336974736
337112914
336947179
43307753
336849083
336222350
330158822
336980461
336984586
336985305
336990364
336209474
336991358
331865528
336873042
336882290
336883304
336885210
185039852
251987528
335738467
335738458
27318166
55050380
319201415
317005199
313421158
311671754
312292820
63870916
100932617
284097587
270331476
263829034
336574969
336957093
336962030
166207494
336814699
336832838
336830040
311179222
279669372
288805458
336840765
336104685
336309006
301292060
335822473
336056429
244711174
333151453
335210767
335051618
336645455
335518461
331486086
336109193
335390803
335645645
335831351
336253851
336245662
313946598
335529959
334561530
336176227
335944517
331920313
336805813
336805667
335698012
336215975
231187470
336228685
336233275
327664508
281667123
277830084
336100801
336089338
336106062
335605047
336114602
336106346
336126806
333765478
304793804
334183146
336125363
336078379
336101635
336207145
336211311
323366981
336081223
281197732
336071311
336078508
335650098
335970151
333620545
172577176
335980888
170887767
335990598
317338813
308126530
242304369
249309071
335495488
335509356
300102576
323685040
171172241
334023784
332837504
335648989
336056314
336058413
335977426
280007835
279225301
273499203
321527879
335940249
335950630
335932238
335931615
6847039
318321597
324803877
328860043
332390821
335203970
335820948
335820953
335820954
335820958
335820963
330186799
335820952
175157571
322060035
335763998
335651319
230322419
155409572
210886596
335820944
217184721
119604808
335794079
335794080
335794082
334079571
335797546
334788804
335243639
334592420
334613624
333882557
333882564
325370485
335659549
335662130
316212564
335425233
335663504
335690414
335690762
314259609
335774139
335668892
335706666
328355335
302009592
292727309
227993639
36332230
75621759
171279017
274892980
251392957
278736524
238226738
249521170
154059227
293933569
303167176
125018874
323993455
239812090
258435577
18956280
113681966
287142843
148243038
139476361
176874877
123742853
112605766
110222171
263924297
1294236
119964120
240657315
329547346
334805265
334631514
334810135
332509483
334015187
333579967
229224605
334739604
334183586
334306126
334203449
334736017
334585797
334762843
334735987
334736003
333145868
334736005
334736038
76840866
76843066
214801432
333010359
315194728
334075012
334162976
333769089
334075632
327835758
328370794
133221359
324449263
327846656
327394684
322418967
284932645
279340586
333156301
73589567
105296722
292839958
171486180
169429749
251643806
176867097
213658203
216930482
229078171
289745787
25648736
281925273
234643400
276092332
224151056
266606545
154593890
154593867
154593804
230777491
241429138
41565512
257585005
89236337
36732164
4351964
122423003
151387935
104404465
232747609
269569443
270338104
154312711
132859242
179450593
148222308
260671493
298590324
88323926
186951356
190885889
81763548
94719759
129640052
281497384
209525113
218182976
38538883
187325594
330734446
333860034
308526058
150046024
333578339
213662190
5022349
196949290
20350942
72324454
18180029
262116144
68231252
289852529
55062886
311332125
300443290
294973371
285390387
328120627
45412520
256733478
214104942
148361278
186186856
153096688
333845640
310148726
333771517
333772308
332245104
229556860
229214008
284373992
295973904
330776008
307200367
333182277
329707016
331240254
168977974
228346321
182737645
241769352
206367056
196874935
143557111
97714693
116993531
79717560
333720180
333722209
204332334
172999743
110057854
194527400
239161932
212658983
207441283
117483043
220956703
219218516
333710152
191819832
191819840
191819836
2751711
191819837
129634185
191819834
19287434
130453465
131802274
191850609
86051617
191819833
191819829
152589245
191504181
202019589
215817074
333667515
331375382
333653734
333175312
333534033
330530767
333699173
331327231
327715220
301033613
263947630
285438764
172999736
123489659
333597088
333601299
333201213
333481879
333612176
329780064
333504550
136865357
333590626
333441690
333041317
333313431
140560944
333169855
332123235
333167170
332892981
332892782
333290969
333322815
333195249
109167250
332713729
332733320
333501630
267958245
332489961
277079203
333168195
26030183
83289252
155361830
186867451
267996851
144852572
160944841
261493734
319378925
227643533
327863424
237213256
272130050
215113574
177379625
185870921
174785247
148346508
151337729
324143436
300880083
333153578
315590489
333043437
297688776
329240392
333046350
333070688
273958757
259904471
290034064
332739391
330962594
306628938
329408049
333016939
327871641
330869257
271857064
332518103
332908501
332511141
193235542
256413308
291706094
308196092
332721542
156412665
89524847
332724382
293190785
294106936
319210772
319433511
332719340
255690022
275829536
255080087
240691151
191073458
300431964
330867240
332060514
331511404
205448565
332524322
332568889
332569315
152642930
332639566
332643742
325699938
169848796
105533960
86921276
332103060
332120224
332120411
332123220
332123262
332129153
328017247
330233153
324592856
332355018
331750129
331870510
332368541
221001936
331827293
323746807
328721762
327107313
330753918
327693255
328015884
330719322
327607305
330530214
328039659
328846828
331900489
329668897
305221965
330370891
331920395
327756605
19456045
330753978
330757229
256424086
181323096
21721873
313443298
329663705
318277350
331698194
331687546
331525331
331754230
331801534
331678336
290787711
324864350
304758790
231075031
120894229
279599381
331531973
331537528
331335109
331533494
328184933
327859498
244584341
251812643
225185115
331489975
325027003
328348574
329701968
303497511
331496627
331499636
258804253
258804157
211214333
311501085
331342685
331347008
330076857
331348944
331370457
331370460
331343909
304440404
331343609
331412392
331412856
307101619
331327554
331093472
331182281
2317464
327686133
330948910
329674166
329008057
330205711
328011289
330508918
329621242
327263525
328346998
330861106
319873020
331238159
72946070
330735550
328881977
329802792
97234442
330763474
330532668
288923855
329727156
330572105
330697396
330351577
330712955
290077806
315057877
330657910
327207138
330372389
329624317
330693936
326951521
330528548
297729226
297728179
259221166
318493807
282650356
281056134
281779465
320506498
285272292
3040489
319217578
330363472
330173956
330160337
329006925
330387974
329801846
224094843
330324998
329674260
324578858
330341022
330211270
299313388
330229975
330231277
330233738
330235016
311505144
329310255
292572536
234767044
320401571
52856235
63397315
148968563
173602984
20707228
143118892
4056653
29495218
64659139
328352550
327122499
96723924
289294994
329500333
326151337
329490979
329480455
329509447
329361096
329530645
319229161
328811509
329607073
329610428
329320317
220983329
329454241
269091569
267641732
325075476
267968565
268473118
268031996
268009179
268253211
268732729
264629941
263952989
328873320
329058938
267007343
267093472
266932821
268452916
267642415
328677284
280734830
105494241
137872407
248025017
328859796
71780342
325654633
102673729
300220965
310319316
316532791
296860506
21721154
266593766
323418452
187141234
214669029
296347371
210591909
289130478
308651337
310995739
226967458
278814093
308661742
320720577
308821737
286725261
48174988
294870905
315375600
282573606
283483228
282559265
233522715
62025560
288810834
234961126
231363400
213950237
282104916
134338897
214813495
191606817
285142221
277680182
294277515
248044556
120581231
190467476
219686913
204987603
312903295
299377510
234699459
315690612
274579107
219975709
303945807
215258385
220718860
233793333
231809450
126020602
194966998
308014861
278523520
306546263
225927369
261587226
284770322
82327333
61927669
144954064
83978267
141537422
225572693
289150658
212619753
117446650
244867716
133370126
87685601
98498861
75271636
189435168
282896431
256036157
234809731
128647124
261167069
273315502
173321059
279813774
183870342
275614429
90968545
241608882
241281763
195819841
215832966
236500252
100171050
176368221
241786329
200655623
222874328
208661113
98308194
263756499
221686937
200571884
240657317
48480951
215995972
69286898
57776190
72981306
199483163
214519280
203966189
13185266
58601036
212500579
36920084
95729404
154218799
22495387
44511353
90472663
69124653
199924603
214651839
197287214
153717806
235916172
236454934
93356886
188154160
130638440
244046924
198585709
103082310
76966501
220076606
200963283
61232679
53793793
154780818
68885726
134385971
60360591
238147904
200588488
166353351
96260299
103353319
214511632
104447432
187950405
201551937
101127766
197783501
175277202
28950156
17215170
134027803
56141438
52911828
209922335
116751705
207790187
187367598
116981807
144158455
144226935
186346033
183208847
220674453
26026710
212957146
224286625
164675362
222059657
118657726
168572435
165340471
177318577
205269728
33681446
223240506
217027671
226071805
152201606
131460687
220635155
26792822
172633874
206861316
144858420
9298803
181633092
212466173
202002094
200891292
219388268
164886047
217756641
211912018
212617320
212272935
87116411
69793909
97240020
192785237
165711513
7839928
106484632
81220673
194510401
181758490
93555520
175203901
178436255
518787972
445246785
544263804
537686265
535761735
352002485
546347910
544963491
540740871
540740871
546402432
546443958
546443958
539328852
539328852
241940995
241940995
241940995
259866944
259866944
259866944
546724545
546724545
546724545
546724545
546218814
546218814
532345839
546218814
546218814
532345839
532345839
544197330
544197330
544197330
544197330
544197330
473453682
473453682
473453682
473453682
473453682
473453682
529206771
529206771
529206771
529206771
529206771
529206771
493338918
493338918
493338918
493338918
489533325
489533325
489533325
489533325
489533325
489533325
489533325
521530365
521530365
521530365
521530365
521530365
521530365
521530365
509932155
509932155
509932155
509932155
509932155
509932155
509932155
499303623
499303623
499303623
499303623
499303623
499303623
499303623
499303623
499303623
521505963
521505963
521505963
521505963
521505963
521505963
521505963
496557231
496557231
496557231
521505963
496557231
496557231
496557231
512798469
512798469
512798469
512798469
512798469
512798469
512798469
512798469
512798469
512798469
512798469
499336029
499336029
499336029
499336029
499336029
499336029
499336029
499336029
536188956
536188956
536188956
499336029
499336029
536188956
536188956
536188956
536188956
536188956
536188956
542770296
542770296
542770296
542770296
541370460
542770296
542770296
542770296
542770296
542770296
542770296
542770296
542770296
541370460
542770296
542770296
542770296
542770296
440761449
440761449
440761449
440761449
440761449
542770296
440761449
440761449
499347108
499347108
440761449
499347108
499347108
499347108
499347108
499347108
440761449
499347108
499347108
499347108
499347108
499347108
499347108
485014089
485014089
485014089
485014089
485014089
485014089
485014089
485014089
485014089
485014089
485014089
485014089
485014089
485014089
485014089
476538417
476538417
476538417
476538417
476538417
476538417
476538417
476538417
476538417
476538417
476538417
476538417
476538417
476538417
476538417
476538417
444328992
444328992
444328992
444328992
444328992
444328992
444328992
444328992
444328992
444328992
444328992
444328992
444328992
444328992
444328992
444328992
444328992
533587161
533587161
533587161
533587161
533587161
533587161
533587161
533587161
533587161
533587161
539111322
533587161
533587161
533587161
533587161
533587161
538271064
538271064
530951517
533587161
538271064
538271064
538271064
538271064
538271064
538271064
538271064
538271064
538271064
538271064
538271064
538271064
538271064
538271064
542938482
542938482
542938482
542938482
542938482
542938482
542938482
543446811
542938482
542938482
542938482
542938482
542938482
542938482
542938482
542938482
542938482
543446811
542938482
543446811
543446811
543446811
543446811
543446811
519135414
519135414
519135414
519135414
519135414
519135414
519135414
519135414
519135414
519135414
519135414
519135414
519135414
519135414
519135414
519135414
540128820
543389244
543389244
543389244
540128820
543389244
543389244
543389244
543389244
543389244
543389244
540128820
543389244
543389244
540128820
543389244
543389244
543389244
543389244
543389244
543389244
543407070
540128820
543407070
543407070
543407070
543407070
543407070
543407070
543407070
543407070
543407070
541209927
541209927
541209927
541209927
543407070
541209927
541209927
541209927
541209927
541209927
541209927
541209927
541209927
541209927
541209927
541209927
541209927
541209927
541209927
542455473
489071451
489071451
542455473
542455473
542455473
542455473
542455473
542455473
542455473
542455473
542455473
542455473
542455473
518112342
542455473
518112342
542455473
542455473
542455473
518112342
518112342
518112342
518112342
518112342
543344457
543344457
543344457
521013600
533353086
533353086
533353086
543344457
543344457
543344457
543344457
543344457
543344457
543344457
533353086
521013600
521013600
543344457
543344457
543344457
543344457
543344457
543344457
543344457
543344457
489993585
489993585
489993585
489993585
489993585
489993585
489993585
489993585
489993585
489993585
489993585
489993585
489993585
489993585
489993585
489993585
515687022
515687022
489993585
489993585
489993585
489993585
515687022
489993585
515687022
489993585
515687022
492196302
492196302
492196302
492196302
492196302
492196302
515687022
515687022
492196302
492196302
492196302
492196302
492196302
492196302
492196302
492196302
492196302
492196302
492196302
492196302
492196302
496513026
504440091
504440091
504440091
504440091
504440091
504440091
496513026
504440091
496513026
496513026
496513026
496513026
496513026
496513026
496513026
496513026
496513026
509437152
496513026
496513026
496513026
496513026
501138597
504440091
501138597
501138597
501138597
501138597
501138597
501138597
501138597
501138597
501138597
501138597
501138597
501138597
501138597
501138597
501138597
503258640
503258640
503258640
501138597
503258640
530356821
503258640
503258640
503258640
503258640
503258640
503258640
503258640
503258640
503258640
503258640
503258640
503258640
530356821
503258640
530356821
530356821
530356821
530356821
530356821
481553763
530356821
481553763
481553763
481553763
481553763
481553763
481553763
481553763
481553763
481553763
481553763
481553763
481553763
481553763
481553763
481553763
481553763
481553763
481553763
513280758
481553763
513280758
481553763
513280758
513280758
513280758
513280758
513280758
513280758
513280758
513280758
513280758
513280758
513280758
513280758
513280758
513280758
513280758
513280758
513280758
513342963
513280758
516134286
513342963
513342963
513342963
516134286
513342963
513342963
516134286
516134286
513342963
516134286
516134286
516134286
516134286
516134286
516134286
516134286
516134286
516134286
516134286
501642243
501642243
501642243
501642243
516134286
501642243
501642243
501642243
501642243
506013900
501642243
501642243
501642243
501642243
501642243
501642243
501642243
506013900
501642243
506013900
506013900
506013900
506013900
506013900
506013900
506013900
506013900
506013900
529159158
529159158
506013900
529159158
244451714
529159158
529159158
529159158
529159158
529159158
244451714
541084620
529159158
529159158
529159158
529159158
244451714
244451714
244451714
529159158
244451714
244451714
244451714
244451714
244451714
244451714
541084620
244451714
529159158
541084620
539144973
539144973
539144973
539144973
539144973
541084620
539144973
539144973
539144973
539144973
541100769
539144973
539144973
539144973
539144973
539144973
539144973
539144973
541084620
541084620
539144973
539144973
541100769
523472613
541100769
541100769
541100769
523472613
523472613
523472613
523472613
523472613
523472613
523472613
523472613
523472613
523472613
523472613
541005705
523472613
541005705
523472613
541005705
541005705
541005705
541005705
541005705
541005705
541005705
541005705
541005705
541005705
541005705
541099503
541099503
541099503
541099503
541099503
541005705
541099503
541099503
541099503
540454809
541099503
540454809
541099503
541099503
541099503
541099503
541099503
541099503
541099503
541099503
541099503
540454809
540454809
540454809
540454809
540454809
540204993
540204993
540204993
540204993
540204993
540204993
540454809
540204993
540204993
540204993
540204993
540204993
540204993
540204993
540204993
540204993
540204993
540204993
540204993
540204993
540204993
539689347
539689398
539689347
539689347
539689347
539689347
539689347
539689347
539689347
539689347
539689347
539689347
539689347
539689347
539689347
539689347
539689347
539689347
539689347
540544008
540544008
540544008
540544008
540712689
540544008
540712689
540544008
540712689
540712689
540544008
540544008
540544008
540712689
540544008
540544008
540712689
540544008
540716184
540712689
540712689
540716184
540712689
540712689
540712689
540712689
540716184
540716184
540716184
540716184
540716184
539630559
540716184
540716184
539630559
539630559
539630559
539630559
539630559
539630559
540712689
540716184
539630559
539364606
539630559
539750109
539750109
540166206
540166206
539193228
531697530
539193228
540592776
540592776
540072135
540072135
526334907
526334907
539076942
539076942
539576577
539576577
534105249
534105249
539872704
539872704
539875452
539875452
539932275
539932275
537862695
531698637
539521752
540076149
522732780
519147816
516598707
513445044
511398222
519758631
525633606
527077110
479214201
477218679
519638166
520298364
505926525
511889361
502176072
509533440
491301732
494478792
512432961
390372570
80367899
534469206
534468711
532964535
534421857
68024507
519808377
525779904
530574348
521495769
532423179
525719787
525720216
508309311
508308546
534293640
511818675
537657855
509089758
503199855
532046667
532399635
501647388
515778069
488553978
523843161
511292364
516161865
536922567
534273417
536147133
533386248
534385743
534417144
528306630
537127074
535467279
534336405
535713624
533889642
523688043
531690255
533557068
536639199
536643738
536644116
498437508
490928823
520700586
511305984
484814103
502531410
504893475
491298594
529119822
530767674
529791513
530294985
341154939
524760996
530217300
406694349
384778892
529396902
530224866
529755051
527727297
522061821
529185456
529315101
528646950
524211930
529211136
529232466
528525291
529238811
543914298
546839400
547750407
554421606
554421606
501288990
501288990
552570567
555883527
556411362
553014261
554834148
556359810
556357872
553311327
556395204
554648832
557410002
557410137
557410344
305236684
557342091
557342091
534016002
534016002
555257532
556422669
557347734
556610685
511462644
558874461
553600650
558923076
558905637
553600680
560427303
558775626
553806924
553808271
279237707
553809216
560470938
560085735
559363425
560460657
558845850
559832247
560348427
506522346
560360871
557139909
547311762
560367105
560367816
560203848
559865514
560413947
558797118
558797118
560154315
560154315
560418540
560418540
529017987
537349368
537363159
537347073
560476797
560434956
560920458
560355210
553795095
540672285
544409964
413502420
562129485
562337559
562337559
562481874
562481874
562489707
562489707
562403412
562403412
562403412
562511976
562511976
562511976
560575728
544410180
562924716
562906137
553999311
562874133
563609076
564010581
563881647
563153976
548203611
548203566
544840980
548203476
562475058
562945755
531689787
531689787
563961024
563961024
519195345
525722265
528556458
562408743
562410645
537761697
94648116
564431319
564158733
557003619
546861513
564471597
566343504
565810911
564860877
518249277
495104469
532928388
525228024
559587000
16490623
324115463
320985713
320985713
270042475
313941301
313941301
313941301
313941301
320985713
270042475
313941301
560892969
560892969
560892969
560892969
281060101
560892969
560892969
560892969
560892969
568443498
281060101
508535307
568443498
568443498
427373052
427373052
427373052
427373052
249079302
249079302
249079302
556900881
249079302
556900881
556900881
556900881
556900881
556900881
262698947
299092468
311779817
560580393
308474319
324466650
307902683
310233419
289068453
310233419
536913123
536913123
303559683
303559683
346263735
572107572
557548866
562904781
564085020
567575061
571557447
573561357
571136970
575778084
575779395
575775924
575778018
575778078
576865191
464321547
577185672
577185666
574951293
577198080
576895185
568505691
574723299
575316249
576814563
574725300
576814563
575765355
575765355
567215436
563517441
571648641
575307738
575888715
586921164
586522569
586526130
586557303
560528949
585573408
586097604
584688762
570993414
585805296
577490634
586356006
586304613
572810724
503008029
537945486
535693971
585477417
582300708
585209133
584770617
584726724
583260528
575905773
559734582
575736279
578335671
578007519
578896746
571682910
581744109
427128777
563693139
577236894
396964752
578383563
578398551
578404590
562650066
577279356
578448174
576342312
578463177
578049327
569966076
578014917
578057028
577373130
578155206
572585640
578307396
559839768
578122323
577235349
572005539
572169357
574154520
578132556
328075161
